3.1415
2.718
0.577215
0.110001000000000000000001000
0.12345678910111213141516171819202122232425
0.01101001
0.207879576
4.669
3.1415
2.718
0.577215
0.110001000000000000000001000
0.12345678910111213141516171819202122232425
0.01101001
0.207879576
4.669
3.1415
2.718
0.577215
0.110001000000000000000001000
0.12345678910111213141516171819202122232425
0.01101001
0.207879576
4.669
3.1415
2.718
0.577215
0.110001000000000000000001000
0.12345678910111213141516171819202122232425
0.01101001
0.207879576
4.669
3.1415
2.718
0.577215
0.110001000000000000000001000
0.12345678910111213141516171819202122232425
0.01101001
0.207879576
4.669
3.1415
2.718
0.577215
0.110001000000000000000001000
0.12345678910111213141516171819202122232425
0.01101001
0.207879576
4.669
3.1415
2.718
0.577215
0.110001000000000000000001000
0.12345678910111213141516171819202122232425
0.01101001
0.207879576
4.669